[slide4 - Copy.jpg]
filters=finetune2=1,0.000000,0.000000,0.213333,00000000,0.000000;Vignette=1,41.812866,1.649123,22.222223,00000000;
moddate=02741b64d5bed101
width=3000
height=2143
textactive=0
